"Roadway Name", "From", "To", "Direction", "Date", "12:00-1:00 AM", "1:00-2:00 AM", "2:00-3:00 AM", "3:00-4:00 AM", "4:00-5:00 AM", "5:00-6:00 AM", "6:00-7:00 AM", "7:00-8:00 AM", "8:00-9:00 AM", "9:00-10:00 AM", "10:00-11:00 AM", "11:00-12:00 PM", "12:00-1:00 PM", "1:00-2:00 PM", "2:00-3:00 PM", "3:00-4:00 PM", "4:00-5:00 PM", "5:00-6:00 PM", "6:00-7:00 PM", "7:00-8:00 PM", "8:00-9:00 PM", "9:00-10:00 PM", "10:00-11:00 PM", "11:00-12:00 AM"
=
"Spring Street", "Crosby Street", "Broadway", "EB", #2012-10-13, 631, 572, 549, 470, 299, 162, 168, 258, 255, 273, 301, 278, 291, 261, 262, 255, 238, 259, 216, 328, 495, 602, 615, 718
"Spring Street", "Crosby Street", "Broadway", "EB", #2012-10-14, 656, 547, 504, 428, 312, 162, 147, 201, 206, 303, 314, 454, 500, 454, 435, 429, 438, 422, 492, 573, 581, 516, 461, 430
"Spring Street", "Crosby Street", "Broadway", "EB", #2012-10-15, 345, 259, 181, 154, 156, 177, 259, 334, 377, 360, 459, 397, 338, 386, 382, 409, 367, 404, 443, 471, 474, 492, 457, 427
"Spring Street", "Crosby Street", "Broadway", "EB", #2012-10-16, 407, 255, 182, 170, 146, 163, 252, 335, 399, 423, 429, 400, 361, 421, 439, 411, 412, 399, 414, 443, 439, 426, 473, 458
"Spring Street", "Crosby Street", "Broadway", "EB", #2012-10-17, 430, 328, 217, 169, 152, 162, 253, 368, 419, 428, 387, 408, 435, 437, 428, 406, 422, 457, 439, 442, 503, 503, 468, 528
"Spring Street", "Crosby Street", "Broadway", "EB", #2012-10-18, 498, 364, 252, 186, 182, 174, 262, 327, 379, 473, 445, 431, 412, 432, 421, 406, 400, 460, 452, 471, 546, 548, 459, 586
"Spring Street", "Crosby Street", "Broadway", "EB", #2012-10-19, 536, 507, 336, 253, 176, 204, 235, 285, 363, 438, 389, 449, 397, 429, 390, 438, 394, 423, 483, 523, 553, 555, 492, 572
"Spring Street", "Crosby Street", "Broadway", "EB", #2012-10-20, 554, 548, 522, 460, 330, 173, 178, 210, 273, 379, 449, 450, 387, 426, 336, 371, 336, 360, 451, 470, 530, 607, 574, 630
"Spring Street", "Crosby Street", "Broadway", "EB", #2012-10-21, 554, 584, 537, 471, 347, 192, 130, 177, 195, 298, 376, 420, 430, 400, 397, 394, 415, 413, 456, 550, 507, 464, 495, 407
"Spring Street", "Crosby Street", "Broadway", "EB", #2017-11-04, 543, 480, 515, 439, 366, 209, 214, 257, 270, 385, 544, 597, 609, 579, 491, 513, 502, 583, 718, 675, 594, 681, 703, 624
"Spring Street", "Crosby Street", "Broadway", "EB", #2017-11-05, 647, 477, 441, 302, 223, 139, 134, 223, 233, 338, 435, 514, 584, 452, 485, 384, 436, 457, 687, 566, 563, 437, 554, 502
"Spring Street", "Crosby Street", "Broadway", "EB", #2017-11-06, 275, 177,  90,  89, 129, 191, 186, 271, 320, 415, 446, 440, 507, 504, 472, 513, 512, 532, 542, 573, 521, 466, 490, 438
"Spring Street", "Crosby Street", "Broadway", "EB", #2017-11-07, 350, 213, 149, 127, 121, 198, 213, 347, 350, 423, 446, 415, 342, 300, 297, 318, 348, 311, 375, 572, 472, 430, 380, 379
"Spring Street", "Crosby Street", "Broadway", "EB", #2017-11-08, 353, 249, 140, 130, 116, 149, 165, 246, 320, 301, 289, 293, 345, 335, 316, 344, 396, 340, 380, 433, 439, 376, 363, 343
"Spring Street", "Crosby Street", "Broadway", "EB", #2017-11-09, 342, 263, 191, 126, 116, 142, 196, 242, 272, 310, 213, 299, 301, 307, 339, 319, 391, 392, 388, 412, 418, 275, 357, 359
"Spring Street", "Crosby Street", "Broadway", "EB", #2017-11-10, 363, 332, 278, 236, 144, 108, 142, 198, 282, 320, 338, 334, 276, 372, 531, 535, 497, 548, 518, 592, 567, 600, 511, 566
"Spring Street", "Crosby Street", "Broadway", "EB", #2017-11-11, 516, 424, 468, 393, 322, 188, 178, 219, 250, 336, 507, 589, 578, 516, 469, 448, 474, 537, 608, 519, 532, 578, 638, 613
"Spring Street", "Crosby Street", "Broadway", "EB", #2017-11-12, 585, 389, 475, 285, 204, 118, 134, 212, 254, 295, 386, 454, 480, 409, 454, 423, 415, 473, 602, 547, 466, 459, 514, 496
"Spring Street", "Crosby Street", "Broadway", "EB", #2019-10-05, 238, 256, 268, 249, 213, 292, 289, 283, 330, 325, 324, 268, 332, 312, 237, 284, 217,  78,  93, 109, 157, 193, 250, 248
"Spring Street", "Crosby Street", "Broadway", "EB", #2019-10-06, 250, 261, 276, 262, 250, 259, 279, 326, 232, 262, 268, 255, 268, 254, 274, 271, 214,  67,  65, 107, 132, 184, 230, 253
"Spring Street", "Crosby Street", "Broadway", "EB", #2019-10-07, 201, 210, 189, 309, 304, 270, 336, 320, 337, 347, 367, 344, 256, 254, 264, 162, 171,  86, 128, 131, 214, 264, 305, 243
"Spring Street", "Crosby Street", "Broadway", "EB", #2019-10-08, 317, 357, 398, 343, 453, 388, 312, 240, 165, 124, 172, 155, 227, 156, 127,  57,  63,  97, 186, 260, 271, 259, 264, 355
"Spring Street", "Crosby Street", "Broadway", "EB", #2019-10-09, 320, 361, 387, 339, 408, 384, 312, 253, 165, 125, 164, 155, 203, 161, 118,  55,  65,  94, 178, 260, 264, 254, 247, 329
"Spring Street", "Crosby Street", "Broadway", "EB", #2019-10-10, 317, 364, 426, 351, 453, 387, 310, 238, 171, 215, 228, 279, 264, 266, 201, 138, 119, 117, 226, 265, 225, 240, 237, 209
"Spring Street", "Crosby Street", "Broadway", "EB", #2019-10-11, 210, 233, 201, 302, 315, 287, 320, 310, 360, 366, 374, 342, 276, 265, 252, 148, 173,  94, 141, 136, 219, 278, 309, 266
"Spring Street", "Crosby Street", "Broadway", "EB", #2019-10-12, 279, 272, 277, 256, 227, 288, 295, 272, 341, 339, 354, 301, 338, 304, 272, 296, 207,  87,  92, 121, 162, 216, 257, 270
"Spring Street", "Crosby Street", "Broadway", "EB", #2019-10-13, 279, 264, 286, 289, 260, 265, 284, 338, 265, 315, 297, 242, 287, 291, 263, 279, 198,  83,  78, 120, 159, 197, 261, 268
